123456789
456789123
789123456
234567891
891234567
567891234
345678912
678912345
912345678

123456789
789123456
456789123
234567891
891234567
567891234
345678912
678912345
912345678

123456789
456789123
789123456
234567891
567891234
891234567
345678912
678912345
912345678

123456789
789123456
456789123
234567891
567891234
891234567
345678912
678912345
912345678

123456789
456789123
789123456
891234567
234567891
567891234
345678912
678912345
912345678

123456789
789123456
456789123
891234567
234567891
567891234
345678912
678912345
912345678

123456789
456789123
789123456
891234567
567891234
234567891
345678912
678912345
912345678

123456789
789123456
456789123
891234567
567891234
234567891
345678912
678912345
912345678

123456789
456789123
789123456
567891234
234567891
891234567
345678912
678912345
912345678

123456789
789123456
456789123
567891234
234567891
891234567
345678912
678912345
912345678

